415.62
415.65
415.73
416.0
416.06
416.06
416.37
415.67
416.14
417.02
416.33
416.52
416.55
417.73
416.83
417.94
417.02
416.95
417.37
417.55
417.37
418.08
418.47
418.51
418.83
418.93
418.77
418.1
418.16
417.31
419.23
419.42
419.43
419.4
419.55
419.53
419.44
419.37
419.32
419.1
419.62
419.14
419.31
419.28
419.25
419.32
420.73
420.07
419.29
419.28
419.07
419.03
419.71
419.94
419.69
419.69
420.36
419.71
420.14
419.69
419.39
419.43
419.81
420.03
420.03
420.47
419.98
419.46
420.12
420.24
420.33
421.15
421.2
421.18
421.32
421.2
420.26
420.0
420.57
420.58
421.23
421.62
422.48
422.49
421.35
421.33
421.44
421.36
420.85
420.74
421.95
421.83
419.69
419.64
420.24
420.32
420.62
420.64
420.75
420.82
420.73
420.95
420.91
421.4
421.6
421.85
422.4
421.91
422.54
422.74
422.74
422.69
423.01
422.37
422.04
421.7
422.29
423.06
423.23
422.97
424.3
424.09
422.89
423.25
422.68
423.23
423.64
423.96
424.78
424.34
424.6
425.01
424.47
424.49
424.45
424.17
424.32
